Итерация 1
Путь 1: 
3 4 0 1 5 2 
Путь 2: 
2 5 1 0 4 3 
Путь 3: 
4 3 2 5 1 0 
Путь 4: 
0 4 3 2 5 1 
Путь 5: 
1 5 2 3 4 0 
Путь 6: 
3 4 0 1 5 2 
Кратчайший путь: 
3 4 0 1 5 2 
Длина лучшего пути: 10 
 
Итерация 2
Путь 1: 
5 2 3 4 0 1 
Путь 2: 
0 4 3 2 5 1 
Путь 3: 
5 2 3 4 0 1 
Путь 4: 
3 4 0 1 5 2 
Путь 5: 
2 5 1 0 4 3 
Путь 6: 
3 4 0 1 5 2 
Кратчайший путь: 
5 2 3 4 0 1 
Длина лучшего пути: 10 
 
Итерация 3
Путь 1: 
5 2 3 4 0 1 
Путь 2: 
0 4 3 2 5 1 
Путь 3: 
5 2 3 4 0 1 
Путь 4: 
3 4 0 1 5 2 
Путь 5: 
2 5 1 0 4 3 
Путь 6: 
3 4 0 1 5 2 
Кратчайший путь: 
5 2 3 4 0 1 
Длина лучшего пути: 10 
 
Итерация 4
Путь 1: 
5 2 3 4 0 1 
Путь 2: 
0 4 3 2 5 1 
Путь 3: 
5 2 3 4 0 1 
Путь 4: 
3 4 0 1 5 2 
Путь 5: 
2 5 1 0 4 3 
Путь 6: 
3 4 0 1 5 2 
Кратчайший путь: 
5 2 3 4 0 1 
Длина лучшего пути: 10 
 
Итерация 5
Путь 1: 
5 2 3 4 0 1 
Путь 2: 
0 4 3 2 5 1 
Путь 3: 
5 2 3 4 0 1 
Путь 4: 
3 4 0 1 5 2 
Путь 5: 
2 5 1 0 4 3 
Путь 6: 
3 4 0 1 5 2 
Кратчайший путь: 
5 2 3 4 0 1 
Длина лучшего пути: 10 
 
Финальный результат: 10
